3.016500e+04  
-2.011000e+03  
-2.011000e+03  
-2.011000e+03  
-2.011000e+03  
-2.011000e+03  
-2.011000e+03  
-2.011000e+03  
-2.011000e+03  
-2.011000e+03  
-2.011000e+03  
-2.011000e+03  
-2.011000e+03  
-2.011000e+03  
-2.011000e+03  
-2.011000e+03  
3.217600e+04  
0.000000e+00  
0.000000e+00  
0.000000e+00  
0.000000e+00  
0.000000e+00  
0.000000e+00  
0.000000e+00  
0.000000e+00  
0.000000e+00  
0.000000e+00  
0.000000e+00  
0.000000e+00  
0.000000e+00  
0.000000e+00  
0.000000e+00  
2.013000e+03  
2.011541e+03  
2.010000e+03  
2.009045e+03  
2.009000e+03  
2.009693e+03  
2.010586e+03  
2.011108e+03  
2.011000e+03  
2.010459e+03  
2.010000e+03  
2.010127e+03  
2.011000e+03  
2.012307e+03  
2.013414e+03  
2.013721e+03  
0.000000e+00  
0.000000e+00  
0.000000e+00  
0.000000e+00  
0.000000e+00  
0.000000e+00  
0.000000e+00  
0.000000e+00  
0.000000e+00  
0.000000e+00  
0.000000e+00  
0.000000e+00  
0.000000e+00  
0.000000e+00  
0.000000e+00  
0.000000e+00  
-7.680000e+02  
1.136086e+03  
-5.800145e+02  
5.038954e+02  
-8.400011e+01  
3.717232e+01  
1.557500e+02  
-1.846014e+02  
7.680000e+02  
6.220298e+02  
-1.998566e+01  
-8.977991e+01  
8.400011e+01  
-4.512881e+02  
4.442502e+02  
-1.573514e+03  
0.000000e+00  
-1.904086e+03  
-1.879855e+02  
-1.271895e+03  
-6.839999e+02  
-8.051724e+02  
-9.237501e+02  
-5.833986e+02  
-1.536000e+03  
-1.390030e+03  
-7.480143e+02  
-6.782201e+02  
-8.520001e+02  
-3.167119e+02  
-1.212250e+03  
8.055139e+02  
5.402000e+03  
8.942512e+02  
-1.687371e+02  
1.187442e+02  
2.960000e+02  
4.341707e+02  
8.457666e+02  
9.764261e+02  
3.460000e+02  
7.882457e+02  
6.147372e+02  
4.807007e+02  
3.600000e+02  
-4.667419e+00  
9.623318e+01  
8.081287e+02  
-3.552000e+03  
4.486421e+03  
3.484046e+01  
4.384958e+02  
1.310000e+03  
1.433679e+03  
2.229726e+02  
5.620970e+02  
4.000000e+02  
5.199077e+02  
-5.284054e+01  
-6.237000e+00  
-5.700000e+02  
2.039926e+02  
-2.889725e+02  
1.609644e+03  
